100
553491 16 82
950325 854 25
506292 452 57
464372 144 95
817943 279 56
997405 761 81
886343 866 86
734945 259 70
762558 982 44
645281 645 15
748436 540 55
718521 781 60
427767 409 51
415727 724 66
536948 764 72
441834 209 33
574877 81 94
268519 213 99
302731 305 26
694428 845 97
124866 195 7
205416 942 93
4774 134 40
658223 885 7
630731 327 25
867773 308 37
598141 302 7
690785 764 24
214008 625 81
958599 702 4
882090 594 21
740262 796 88
264508 776 17
578953 128 21
78375 136 80
442720 447 22
877937 793 29
787400 828 16
313491 329 81
986066 6 60
121143 15 11
402504 380 84
804702 342 25
994653 933 35
313991 265 39
11517 562 52
67164 551 71
982004 81 5
459835 56 98
576474 641 93
382264 985 99
850795 306 19
874111 243 93
277209 845 34
418783 211 23
822040 91 82
714825 673 37
432509 13 52
899751 772 63
96795 368 3
707670 323 65
556533 82 56
85945 699 44
431996 174 48
523920 844 71
723170 840 91
323115 843 92
201636 997 51
197035 982 60
301676 418 44
254824 274 3
327984 25 19
759687 186 10
487542 834 74
753741 622 47
627460 560 32
344830 923 26
250881 166 56
392756 628 87
683387 502 65
287480 440 59
933222 496 60
969150 6 64
768228 708 13
339726 588 75
294715 532 28
968319 647 94
554583 63 89
161863 700 63
218751 205 29
245509 661 81
662216 300 33
818683 13 7
974609 930 35
729229 803 9
635673 777 86
96428 231 56
861142 17 10
803659 177 40
393589 670 1
